-26163
-26214
-26265
-26316
-26367
-26418
-26469
-26520
-26571
-26622
-26673
-26724
-26775
-26826
-26877
-26928
-26163
-26214
-26265
-26316
-26367
-26418
-26469
-26520
-26571
-26622
-26673
-26724
-26775
-26826
-26877
-26928
-26163
-26214
-26265
-26316
-26367
-26418
-26469
-26520
-26571
-26622
-26673
-26724
-26775
-26826
-26877
-26928
-26163
-26214
-26265
-26316
-26367
-26418
-26469
-26520
-26571
-26622
-26673
-26724
-26775
-26826
-26877
-26928
-26163
-26214
-26265
-26316
-26367
-26418
-26469
-26520
-26571
-26622
-26673
-26724
-26775
-26826
-26877
-26928
-26163
-26214
-26265
-26316
-26367
-26418
-26469
-26520
-26571
-26622
-26673
-26724
-26775
-26826
-26877
-26928
-26163
-26214
-26265
-26316
-26367
-26418
-26469
-26520
-26571
-26622
-26673
-26724
-26775
-26826
-26877
-26928
-26163
-26214
-26265
-26316
-26367
-26418
-26469
-26520
-26571
-26622
-26673
-26724
-26775
-26826
-26877
-26928
-26163
-26214
-26265
-26316
-26367
-26418
-26469
-26520
-26571
-26622
-26673
-26724
-26775
-26826
-26877
-26928
-26163
-26214
-26265
-26316
-26367
-26418
-26469
-26520
-26571
-26622
-26673
-26724
-26775
-26826
-26877
-26928
-26163
-26214
-26265
-26316
-26367
-26418
-26469
-26520
-26571
-26622
-26673
-26724
-26775
-26826
-26877
-26928
-26163
-26214
-26265
-26316
-26367
-26418
-26469
-26520
-26571
-26622
-26673
-26724
-26775
-26826
-26877
-26928
-26163
-26214
-26265
-26316
-26367
-26418
-26469
-26520
-26571
-26622
-26673
-26724
-26775
-26826
-26877
-26928
-26163
-26214
-26265
-26316
-26367
-26418
-26469
-26520
-26571
-26622
-26673
-26724
-26775
-26826
-26877
-26928
-26163
-26214
-26265
-26316
-26367
-26418
-26469
-26520
-26571
-26622
-26673
-26724
-26775
-26826
-26877
-26928
-26163
-26214
-26265
-26316
-26367
-26418
-26469
-26520
-26571
-26622
-26673
-26724
-26775
-26826
-26877
-26928
-26163
-26214
-26265
-26316
-26367
-26418
-26469
-26520
-26571
-26622
-26673
-26724
-26775
-26826
-26877
-26928
-26163
-26214
-26265
-26316
-26367
-26418
-26469
-26520
-26571
-26622
-26673
-26724
-26775
-26826
-26877
-26928
-26163
-26214
-26265
-26316
-26367
-26418
-26469
-26520
-26571
-26622
-26673
-26724
-26775
-26826
-26877
-26928
-26163
-26214
-26265
-26316
-26367
-26418
-26469
-26520
-26571
-26622
-26673
-26724
-26775
-26826
-26877
-26928
-26163
-26214
-26265
-26316
-26367
-26418
-26469
-26520
-26571
-26622
-26673
-26724
-26775
-26826
-26877
-26928
