-16779
-16779
-16779
-16779
-16779
-16779
-16779
-16779
-16779
-16779
-16779
-16779
-16779
-16779
-16779
-16779
-16830
-16830
-16830
-16830
-16830
-16830
-16830
-16830
-16830
-16830
-16830
-16830
-16830
-16830
-16830
-16830
-16881
-16881
-16881
-16881
-16881
-16881
-16881
-16881
-16881
-16881
-16881
-16881
-16881
-16881
-16881
-16881
-16932
-16932
-16932
-16932
-16932
-16932
-16932
-16932
-16932
-16932
-16932
-16932
-16932
-16932
-16932
-16932
-16983
-16983
-16983
-16983
-16983
-16983
-16983
-16983
-16983
-16983
-16983
-16983
-16983
-16983
-16983
-16983
-17034
-17034
-17034
-17034
-17034
-17034
-17034
-17034
-17034
-17034
-17034
-17034
-17034
-17034
-17034
-17034
-17085
-17085
-17085
-17085
-17085
-17085
-17085
-17085
-17085
-17085
-17085
-17085
-17085
-17085
-17085
-17085
-17136
-17136
-17136
-17136
-17136
-17136
-17136
-17136
-17136
-17136
-17136
-17136
-17136
-17136
-17136
-17136
-17187
-17187
-17187
-17187
-17187
-17187
-17187
-17187
-17187
-17187
-17187
-17187
-17187
-17187
-17187
-17187
-17238
-17238
-17238
-17238
-17238
-17238
-17238
-17238
-17238
-17238
-17238
-17238
-17238
-17238
-17238
-17238
-17289
-17289
-17289
-17289
-17289
-17289
-17289
-17289
-17289
-17289
-17289
-17289
-17289
-17289
-17289
-17289
-17340
-17340
-17340
-17340
-17340
-17340
-17340
-17340
-17340
-17340
-17340
-17340
-17340
-17340
-17340
-17340
-17391
-17391
-17391
-17391
-17391
-17391
-17391
-17391
-17391
-17391
-17391
-17391
-17391
-17391
-17391
-17391
-17442
-17442
-17442
-17442
-17442
-17442
-17442
-17442
-17442
-17442
-17442
-17442
-17442
-17442
-17442
-17442
-17493
-17493
-17493
-17493
-17493
-17493
-17493
-17493
-17493
-17493
-17493
-17493
-17493
-17493
-17493
-17493
-17544
-17544
-17544
-17544
-17544
-17544
-17544
-17544
-17544
-17544
-17544
-17544
-17544
-17544
-17544
-17544
-17595
-17595
-17595
-17595
-17595
-17595
-17595
-17595
-17595
-17595
-17595
-17595
-17595
-17595
-17595
-17595
-17646
-17646
-17646
-17646
-17646
-17646
-17646
-17646
-17646
-17646
-17646
-17646
-17646
-17646
-17646
-17646
-17697
-17697
-17697
-17697
-17697
-17697
-17697
-17697
-17697
-17697
-17697
-17697
-17697
-17697
-17697
-17697
-17748
-17748
-17748
-17748
-17748
-17748
-17748
-17748
-17748
-17748
-17748
-17748
-17748
-17748
-17748
-17748
-17799
-17799
-17799
-17799
-17799
-17799
-17799
-17799
-17799
-17799
-17799
-17799
-17799
-17799
-17799
-17799
list
-16779
-16779
-16779
-16779
-16779
-16779
-16779
-16779
-16779
-16779
-16779
-16779
-16779
-16779
-16779
-16779
-16830
-16830
-16830
-16830
-16830
-16830
-16830
-16830
-16830
-16830
-16830
-16830
-16830
-16830
-16830
-16830
-16881
-16881
-16881
-16881
-16881
-16881
-16881
-16881
-16881
-16881
-16881
-16881
-16881
-16881
-16881
-16881
-16932
-16932
-16932
-16932
-16932
-16932
-16932
-16932
-16932
-16932
-16932
-16932
-16932
-16932
-16932
-16932
-16983
-16983
-16983
-16983
-16983
-16983
-16983
-16983
-16983
-16983
-16983
-16983
-16983
-16983
-16983
-16983
-17034
-17034
-17034
-17034
-17034
-17034
-17034
-17034
-17034
-17034
-17034
-17034
-17034
-17034
-17034
-17034
-17085
-17085
-17085
-17085
-17085
-17085
-17085
-17085
-17085
-17085
-17085
-17085
-17085
-17085
-17085
-17085
-17136
-17136
-17136
-17136
-17136
-17136
-17136
-17136
-17136
-17136
-17136
-17136
-17136
-17136
-17136
-17136
-17187
-17187
-17187
-17187
-17187
-17187
-17187
-17187
-17187
-17187
-17187
-17187
-17187
-17187
-17187
-17187
-17238
-17238
-17238
-17238
-17238
-17238
-17238
-17238
-17238
-17238
-17238
-17238
-17238
-17238
-17238
-17238
-17289
-17289
-17289
-17289
-17289
-17289
-17289
-17289
-17289
-17289
-17289
-17289
-17289
-17289
-17289
-17289
-17340
-17340
-17340
-17340
-17340
-17340
-17340
-17340
-17340
-17340
-17340
-17340
-17340
-17340
-17340
-17340
-17391
-17391
-17391
-17391
-17391
-17391
-17391
-17391
-17391
-17391
-17391
-17391
-17391
-17391
-17391
-17391
-17442
-17442
-17442
-17442
-17442
-17442
-17442
-17442
-17442
-17442
-17442
-17442
-17442
-17442
-17442
-17442
-17493
-17493
-17493
-17493
-17493
-17493
-17493
-17493
-17493
-17493
-17493
-17493
-17493
-17493
-17493
-17493
-17544
-17544
-17544
-17544
-17544
-17544
-17544
-17544
-17544
-17544
-17544
-17544
-17544
-17544
-17544
-17544
-17595
-17595
-17595
-17595
-17595
-17595
-17595
-17595
-17595
-17595
-17595
-17595
-17595
-17595
-17595
-17595
-17646
-17646
-17646
-17646
-17646
-17646
-17646
-17646
-17646
-17646
-17646
-17646
-17646
-17646
-17646
-17646
-17697
-17697
-17697
-17697
-17697
-17697
-17697
-17697
-17697
-17697
-17697
-17697
-17697
-17697
-17697
-17697
-17748
-17748
-17748
-17748
-17748
-17748
-17748
-17748
-17748
-17748
-17748
-17748
-17748
-17748
-17748
-17748
-17799
-17799
-17799
-17799
-17799
-17799
-17799
-17799
-17799
-17799
-17799
-17799
-17799
-17799
-17799
-17799
