-16779 -26214
-16779 -26265
-16779 -26316
-16779 -26367
-16779 -26418
-16779 -26469
-16779 -26520
-16779 -26571
-16779 -26622
-16779 -26673
-16779 -26724
-16779 -26775
-16779 -26826
-16779 -26877
-16779 -26928
-16830 -26163
-16830 -26214
-16830 -26265
-16830 -26316
-16830 -26367
-16830 -26418
-16830 -26469
-16830 -26520
-16830 -26571
-16830 -26622
-16830 -26673
-16830 -26724
-16830 -26775
-16830 -26826
-16830 -26877
-16830 -26928
-16881 -26163
-16881 -26214
-16881 -26265
-16881 -26316
-16881 -26367
-16881 -26418
-16881 -26469
-16881 -26520
-16881 -26571
-16881 -26622
-16881 -26673
-16881 -26724
-16881 -26775
-16881 -26826
-16881 -26877
-16881 -26928
-16932 -26163
-16932 -26214
-16932 -26265
-16932 -26316
-16932 -26367
-16932 -26418
-16932 -26469
-16932 -26520
-16932 -26571
-16932 -26622
-16932 -26673
-16932 -26724
-16932 -26775
-16932 -26826
-16932 -26877
-16932 -26928
-16983 -26163
-16983 -26214
-16983 -26265
-16983 -26316
-16983 -26367
-16983 -26418
-16983 -26469
-16983 -26520
-16983 -26571
-16983 -26622
-16983 -26673
-16983 -26724
-16983 -26775
-16983 -26826
-16983 -26877
-16983 -26928
-17034 -26163
-17034 -26214
-17034 -26265
-17034 -26316
-17034 -26367
-17034 -26418
-17034 -26469
-17034 -26520
-17034 -26571
-17034 -26622
-17034 -26673
-17034 -26724
-17034 -26775
-17034 -26826
-17034 -26877
-17034 -26928
-17085 -26163
-17085 -26214
-17085 -26265
-17085 -26316
-17085 -26367
-17085 -26418
-17085 -26469
-17085 -26520
-17085 -26571
-17085 -26622
-17085 -26673
-17085 -26724
-17085 -26775
-17085 -26826
-17085 -26877
-17085 -26928
-17136 -26163
-17136 -26214
-17136 -26265
-17136 -26316
-17136 -26367
-17136 -26418
-17136 -26469
-17136 -26520
-17136 -26571
-17136 -26622
-17136 -26673
-17136 -26724
-17136 -26775
-17136 -26826
-17136 -26877
-17136 -26928
-17187 -26163
-17187 -26214
-17187 -26265
-17187 -26316
-17187 -26367
-17187 -26418
-17187 -26469
-17187 -26520
-17187 -26571
-17187 -26622
-17187 -26673
-17187 -26724
-17187 -26775
-17187 -26826
-17187 -26877
-17187 -26928
-17238 -26163
-17238 -26214
-17238 -26265
-17238 -26316
-17238 -26367
-17238 -26418
-17238 -26469
-17238 -26520
-17238 -26571
-17238 -26622
-17238 -26673
-17238 -26724
-17238 -26775
-17238 -26826
-17238 -26877
-17238 -26928
-17289 -26163
-17289 -26214
-17289 -26265
-17289 -26316
-17289 -26367
-17289 -26418
-17289 -26469
-17289 -26520
-17289 -26571
-17289 -26622
-17289 -26673
-17289 -26724
-17289 -26775
-17289 -26826
-17289 -26877
-17289 -26928
-17340 -26163
-17340 -26214
-17340 -26265
-17340 -26316
-17340 -26367
-17340 -26418
-17340 -26469
-17340 -26520
-17340 -26571
-17340 -26622
-17340 -26673
-17340 -26724
-17340 -26775
-17340 -26826
-17340 -26877
-17340 -26928
-17391 -26163
-17391 -26214
-17391 -26265
-17391 -26316
-17391 -26367
-17391 -26418
-17391 -26469
-17391 -26520
-17391 -26571
-17391 -26622
-17391 -26673
-17391 -26724
-17391 -26775
-17391 -26826
-17391 -26877
-17391 -26928
-17442 -26163
-17442 -26214
-17442 -26265
-17442 -26316
-17442 -26367
-17442 -26418
-17442 -26469
-17442 -26520
-17442 -26571
-17442 -26622
-17442 -26673
-17442 -26724
-17442 -26775
-17442 -26826
-17442 -26877
-17442 -26928
-17493 -26163
-17493 -26214
-17493 -26265
-17493 -26316
-17493 -26367
-17493 -26418
-17493 -26469
-17493 -26520
-17493 -26571
-17493 -26622
-17493 -26673
-17493 -26724
-17493 -26775
-17493 -26826
-17493 -26877
-17493 -26928
-17544 -26163
-17544 -26214
-17544 -26265
-17544 -26316
-17544 -26367
-17544 -26418
-17544 -26469
-17544 -26520
-17544 -26571
-17544 -26622
-17544 -26673
-17544 -26724
-17544 -26775
-17544 -26826
-17544 -26877
-17544 -26928
-17595 -26163
-17595 -26214
-17595 -26265
-17595 -26316
-17595 -26367
-17595 -26418
-17595 -26469
-17595 -26520
-17595 -26571
-17595 -26622
-17595 -26673
-17595 -26724
-17595 -26775
-17595 -26826
-17595 -26877
-17595 -26928
-17646 -26163
-17646 -26214
-17646 -26265
-17646 -26316
-17646 -26367
-17646 -26418
-17646 -26469
-17646 -26520
-17646 -26571
-17646 -26622
-17646 -26673
-17646 -26724
-17646 -26775
-17646 -26826
-17646 -26877
-17646 -26928
-17697 -26163
-17697 -26214
-17697 -26265
-17697 -26316
-17697 -26367
-17697 -26418
-17697 -26469
-17697 -26520
-17697 -26571
-17697 -26622
-17697 -26673
-17697 -26724
-17697 -26775
-17697 -26826
-17697 -26877
-17697 -26928
-17748 -26163
-17748 -26214
-17748 -26265
-17748 -26316
-17748 -26367
-17748 -26418
-17748 -26469
-17748 -26520
-17748 -26571
-17748 -26622
-17748 -26673
-17748 -26724
-17748 -26775
-17748 -26826
-17748 -26877
-17748 -26928
-17799 -26163
-17799 -26214
-17799 -26265
-17799 -26316
-17799 -26367
-17799 -26418
-17799 -26469
-17799 -26520
-17799 -26571
-17799 -26622
-17799 -26673
-17799 -26724
-17799 -26775
-17799 -26826
-17799 -26877
-17799 -26928
